0.5957709677993258
0.6096908989039309
0.7797247786455047
0.65238357216728
0.47745503101760134
0.4919883643509346
0.40177573311957254
0.43701161671895156
0.6154310747535147
1.0124400396194542
0.40001895656279596
0.43910906645290587
0.7398310747535143
0.4301090664529058
0.40763527639261116
0.4457180741119135
1.171591269229537
0.7802265553046027
0.4678364504753366
0.594144481794616
0.7900884478865692
0.6191701067229498
1.0485719121880894
0.6168060179953657
0.5863746568110507
1.1946964090589562
3.9638649091023628
5.611537599352351
6.650171823426351
9.7443655027294
31.215894
39.90658396825398
24.058931269095165
45.207200000000014
132.12345000000008
200.1041166666668
209.82559999999995
120.4106666666668
65.1221433333334
50.10234015873014
29.140454761904753
26.384026777777777
19.351138444444437
13.57901060108021
9.539231488745589
5.891918303005009
6.146326173796894
5.19484644887767
5.57450951816519
5.22253911143054
4.5895476234121375
6.095172217859268
11.740817048037906
15.98883736287841
11.244907734711205
9.347726134561817
8.074597816377752
10.8061596611189
15.855417492823634
14.118332255942358
14.649753060909932
31.338816765084385
40.78906598972926
52.69329523809528
64.42614079365087
32.76690952380954
26.269091100840342
18.26902704285542
13.367187316574752
30.50702115108051
42.29943539682544
10.750316764882209
10.576152209159137
9.954333008510485
12.418016738233495
13.69500481226561
10.681508319580114
77.89172968253966
200.8169833333334
85.73031666666671
32.080331984126985
22.41573284770785
13.261972131600851
13.188931893537633
15.32792663209412
12.86230136874937
12.071735266558754
15.82946168592011
14.779449701361198
17.509789052373556
17.73341199362929
17.052556241652496
11.877862521163452
9.824577440213451
7.206894138376004
6.167956570900925
5.61610328911487
5.669520033024553
5.5486066068955155
5.874409724901303
6.596394867440985
7.699926090295772
9.199085981713951
9.392556623023104
9.740031931276883
7.365292509759183
8.035637297090483
7.211196834732456
5.2793926957530815
6.436682552285439
5.200405648262092
4.927480523289111
4.835483479864699
4.4593085297772905
4.4031897051019655
4.291304335703355
3.9978272582056893
4.763439365403035
4.899882984588883
5.184958043735515
4.819340615846514
4.171117294846825
4.393713160245118
4.226273734464437
3.9359686818850497
3.844037165505132
4.081266651299535
4.050742127015532
4.121639507357397
3.8728612579499577
4.185875365464218
4.387966226038522
4.157425447949372
4.207235427852272
3.9854392684029936
4.354364998985836
4.29508748464028
4.174763922646717
3.6497920247969273
3.6666436162756235
2.3056257647717175
2.691913512716423
1.9855582796503812
1.7114250311628396
2.0834613835955444
1.6483594276333287
1.789291165422938
1.8241535339816972
1.8107966199683927
1.978228132984138
2.015089320900165
1.9447409556639577
2.029648078772986
1.643006034669703
2.0827987669384624
2.0621307301107183
2.143808500745566
2.0637563038812106
2.0095362407576154
2.0616438488272197
2.079690206971916
2.092594929758483
2.0320480787729855
2.165703179136946
2.0805024198378486
2.097202102377531
2.05316005737578
2.114569289574379
2.026125918031164
2.035349643979652
2.0347185374823042
1.9918637936395163
1.9575748453113702
1.6250445459184997
1.5616254900774493
2.0410489897908533
1.549924134940245
2.0361348635063914
1.4290809717779656
1.3134571209067207
2.4906263690092847
1.2540266244528198
1.13433309238701
1.1259407929217695
1.3339596708083983
0.7899450021419508
1.2195616455843576
1.3701005724355069
1.2084225631847472
1.3052442800338766
1.0925499860354977
1.0931252695154585
1.2279064709668877
0.6905204067751672
1.2211246509775449
1.2245546821086415
1.087191423181103
1.2092754644420516
1.1740019365362655
1.1569409941356879
1.1367097970718818
1.2286950953910827
0.6982082964021475
1.2242597100322892
1.2124680814541977
0.6265556381628921
1.2218235882223918
1.6876517600263623
0.7449979137414745
1.0938513521611903
1.1859074026747032
1.3179081824183883
1.2404972789905093
1.0265708781257776
1.0642166737409353
1.0275011206122884
1.1386183658081412
1.1251513150322774
1.1579446084280207
1.1793197401300468
0.8859815824390926
1.1658840023674149
1.102021361803962
0.8185558614305066
0.9959880232686075
1.0018981318734532
0.7696738087215061
1.040066702014045
1.0112303537682965
0.6632690260085968
0.9442003503781708
0.9997764013639473
0.5743556024735753
0.7428878592848082
0.7697556600484677
1.0299566871366552
0.5788528885113446
0.6806179833138318
0.6636963465612531
0.5809407782074157
0.6513617970385264
0.49387141174644067
0.6584094160861454
0.5072594973450526
0.44623742065231264
0.47557075398564597
0.7249318415580305
0.604344551465237
0.7167500233762122
0.6207874286603287
0.6125230531390791
0.6051890688369022
0.6190141831980045
0.6585042456693307
0.604754973302311
0.6267032181340128
0.6083207627759951
1.0708404394627777
1.165580751065443
1.1630801131392992
0.585301340936113
1.0035599654273648
1.209720398622931
0.7019173383512387
0.8125956267943362
1.060734792534528
0.6744882804913519
1.0942010083944709
1.1579078118912245
1.027828098511218
0.7279581901145427
0.5701852393956882
0.9558713566019412
0.5701852393956882
0.9199907530469222
0.611931743906791
0.5737633760424689
0.6949202224871273
0.608826213205306
0.5460418564628315
0.5262722862272419
0.530244508449464
0.512120121094333
0.5160923433165553
0.39892777635615656
0.3790949700320458
0.3689618889633611
0.4438005477172031
0.36163051350581144
0.45827673819339354
0.3300895846816116
0.3104042494583965
0.32944850716147767
0.4259558646415699
0.32733205076933186
0.33139299025436697
0.4718367204468975
0.3457542929849471
0.6416914218670418
0.3573559587350576
0.3716079499018995
0.3716079499018995
0.367726468420418
0.3741635054574551
0.3684870348692197
0.3683198411933304
0.4712108563141645
0.38029112156461087
0.4712108563141645
0.35014924122273045
0.35493092723335123
0.3437275841267502
0.35716169646412044
0.35010380790297396
0.4949419713030824
0.34595835335751945
0.35010380790297396
0.35010380790297396
0.35010380790297396
0.34595835335751945
0.3548472422464083
0.3437275841267502
0.38795875107656125
0.3535264963256624
0.38906377006610954
0.35091605419326904
0.3422790995311646
0.3268068773089424
0.3231715728076185
0.33348823947428513
0.3126117503291726
0.4102983412572144
0.3723044938415697
0.3723044938415697
0.3499111343197069
0.33143945879632875
0.352482308243822
0.3253428691748961
0.3232991084911354
0.33404731375312496
0.3295274931783436
0.3291147947656452
0.3366630000276347
0.3291147947656452
0.3275147947656452
0.3520385475600613
0.3520385475600613
0.3642259685083253
0.3718853099687333
0.6341203965059241
0.4712108563141645
0.3718853099687333
0.3701871002500632
0.38103351523072276
0.3732694917324546
0.378012926075889
0.6156048824223067
0.3613525843293315
0.35493092723335123
0.6216528393585253
0.3436801578687976
0.3478256124142522
0.35697381767624164
0.3436801578687976
0.3406282098168496
0.35716169646412044
0.3447736643623041
0.35716169646412044
0.33839744058608034
0.36215314945557336
0.5762652841921158
0.33839744058608034
0.3385783348950234
0.3533095018448344
0.3828688805188773
0.31838582467736354
0.31182573385125323
0.5919737671880142
0.3081073643642603
3.716449732742222
13.287201296860045
10.492602832641516
10.773233013822251
7.178609081779335
5.940968121899651
7.105540440016061
8.2842921571656
5.08540790986646
2.0062004848004737
1.5704122386571795
1.278633541981605
1.1260841521790086
1.2153062288684156
0.7268422275762724
1.3376653901895725
0.6704790141431554
0.43861774004549553
0.638889073337876
0.435578524359221
0.6318414542902571
0.43169075564510506
0.4349012112101015
0.45527672647692113
0.6578174746984204
0.6324448177576601
0.5169759121533254
0.43042760188876295
0.4165179842438556
0.41731398718001605
1.1651711792498345
1.531638731188831
3.8063145849646833
26.5660820355658
48.098475664335695
47.23046495004994
78.91446539682542
18.46529958816667
29.937999229053318
178.20733190476204
225.6175999999995
204.3917999999998
190.99179999999993
144.99620000000004
91.47864444444454
71.43152634920642
36.451488449328444
27.772026777777807
19.23100543685273
15.904406215891925
16.12852781845602
14.297932913186346
14.76080919870124
13.07468549838591
42.74739725885226
107.96402500000002
106.53400000000015
133.82276000000005
85.97020000000006
64.24325611111111
49.61084007936508
29.90217026262626
29.35010288167387
26.08795621392986
29.087614549597465
22.742981564484325
23.502596765231296
19.93370070913839
17.284617390751222
24.249320000812908
24.37447600136791
20.004015248174724
14.751630704588912
13.537670030269545
14.153765615186208
11.670712884889815
13.001152852034716
13.153064712600132
12.944790692586531
11.532722788954006
17.362914752337836
10.239913846656403
10.036265632183271
13.019629235811415
11.533513293370222
12.208127144023234
11.755617924405367
11.687954091111527
10.146904840055296
13.724951244229192
13.20905732545816
17.581961944653962
22.021891166056175
9.674417728828677
11.77351985963189
16.98881968814883
34.7905943815988
62.258635555555664
55.60446666666675
35.02486283272285
20.889177346906184
12.752817669113737
11.076757101070633
12.035516953622139
12.755102212681741
30.322994951333477
52.611953333333325
26.55389974247648
22.34241103116931
23.16683621392986
16.401556256154823
27.824748521078668
19.336706002729088
18.374554328519274
15.215320777031268
16.126814956084434
11.821858636170527
25.555350825625997
21.552554723479133
12.169648527158717
12.111660775885325
10.062822117740199
10.238462271519428
6.597824818038529
6.0173663215000355
10.334243815872705
13.438283570484089
23.975564435156343
28.363775517129934
21.32325391610024
21.74419385415716
20.05089755967888
19.20330227234304
13.314349753797423
11.506813560686771
9.678432007917156
7.880878765192767
10.072435094066567
16.693461857675974
6.049068973525814
5.077415218636636
5.249925611796318
4.6620827736847135
5.6951526923514075
9.796449279617553
9.736298619073372
9.309310826865579
5.748716635705971
5.6124294288376495
6.001943192377421
8.364743796614528
10.783882084984446
9.668511855160954
10.011033164537924
22.0540776976822
36.48386868742368
38.791829932844934
24.48157138475902
15.120072466818295
12.466181137210876
9.386314632549144
9.107359850904558
24.33060381819319
11.935601622611507
12.484604586644966
24.613510664335664
27.748522644724563
20.38619162824104
11.41520154109901
9.874474759321952
4.9622851731326785
4.84721868670438
3.875510218626559
4.306159358340858
4.2998848994664005
3.951110180068626
4.686471884314014
5.129940513605078
4.239068109789216
2.208230267148515
2.1299450303179186
2.526996949301051
2.156460105656363
2.0971008048280515
2.019255029509567
1.9879389716041762
1.7773213061287025
2.166374161846518
1.9260606572151948
1.5964297804398535
2.3240750549139766
2.2722102813910796
2.2593941025330238
1.629636632883403
1.962946983323118
2.338594649626179
1.6228886537944822
1.7338341470056131
1.6162943875993059
1.5784689289422502
0.7767300534977121
1.5873571647543145
1.5821449142416752
1.4338159903840466
1.686796764443096
1.6544474178076838
1.6307446977467297
2.022295479054125
1.967445249412136
2.3294695932773912
2.4692459314589463
4.489914942985744
5.249966092493042
2.014886762193248
2.200841874809253
2.0192996808390977
1.7116969086801905
2.265799404078905
2.0449101162720917
2.072974604908455
2.2749105151900157
2.0225169148782065
1.4052511202671787
1.9844786942347759
1.9714897982961086
1.9987827494669324
1.6042143624783127
2.0336700510542336
2.002884481068664
1.9158416081658984
2.0026258952100777
1.8765752915885807
2.3367261320192956
1.5909093629538469
1.3911631280851788
1.4275583214918728
1.5774960052647689
1.5177739931905208
1.044077548114616
1.5426886434844218
1.4372964327581856
1.6441311646674086
1.9240092055453402
1.5973713694552225
1.4541846999777623
1.837486492540302
1.4612725800947215
1.6323715777517742
1.5758735370771735
1.4679060628630038
3.4020545844600436
1.8526235150244914
1.9183414742749816
7.137852579097801
9.030929486292926
10.970529019581921
10.103495993864222
6.77884549074854
3.974589585805541
2.7664011937899597
4.775840733332049
6.625568975840737
11.683713195286796
12.05369043313693
7.833983186883785
9.534410596240221
11.072262867448037
6.180840527378577
3.8415184694127245
2.5858803465872335
3.9340233789191807
3.770606566139345
2.5244941556518428
2.4807677032846605
2.2443773761460597
2.5325372275533846
4.727081363785864
10.029608713575946
11.52320401362758
11.783645664971612
14.455420919918438
16.97559032703929
26.504375000000003
29.216308333333338
43.91788373015879
77.2273700000001
61.73813238095246
57.62481000000005
53.58114349206358
45.14537650793659
50.533820000000006
32.10856162860015
31.993171707965235
32.60600647058823
37.06242020002874
27.7928148405516
19.017102930056836
12.271803062807969
10.614618938220536
10.78193239377865
9.081740161751556
10.86467692525586
19.781308266121744
21.023004227820987
12.295070004624394
11.321341081307466
11.699617595699754
9.887047191140026
5.348679897181659
8.402530664504205
13.26994573678153
20.628355884132205
12.314010802570138
10.008245197544396
23.137595712380712
27.23573238562091
32.86304328431372
37.0713997875817
27.89537308590104
13.031763694714295
9.034452771119264
4.443788698173909
4.982701984053921
5.472675014356949
10.066220928356069
8.959405780335754
9.872778744344952
4.419470621264341
3.3842535183485443
3.7789471043717886
3.2862420963660846
3.296913375852152
3.296288161205688
3.3303327089832133
3.2945475079285185
3.354801906101455
3.171333366072646
2.54715922119671
2.4450677086281205
2.4828770673806604
2.4738412935711365
2.49650081738066
2.510391293571136
2.566221734846889
2.4575846625550937
2.198476642642883
2.388076107409976
2.4570804452387636
2.0843571974562902
2.365054440743309
2.1709915102125894
2.4025675720564403
2.4107942387231076
2.2670483158042867
2.427074238723107
2.431653355414144
1.9966512080202687
2.2070009102459953
2.409868086387774
2.4493501737741172
2.382833189585661
2.1397629152423794
2.207002414266028
2.395709981540207
2.151942424621889
2.2888592345183256
2.368119690739134
2.271514408859326
2.2129168286804424
2.374537452643896
2.064574495900626
2.3343914466776132
2.335364010738398
2.1934526360156616
2.0228376310111296
2.3889126269848964
2.265741334807052
1.6567092890622208
2.0635450483968394
1.9259594501471948
2.2017553289529204
1.552352451515471
1.983146773290652
2.046932028945027
1.8773897120755267
1.8353834993246536
1.5556461601537561
1.8318878949290491
2.0313170546805654
2.021042907189622
1.819614242154818
1.7348865736239207
1.6984289253202152
1.6207894801400784
1.7981534787289188
1.720416199833085
0.8413233123029307
1.7758078034221783
1.8344244211009453
1.6207894801400784
1.6397124982841618
1.6186765704410815
1.7158652715454736
1.5427942476535879
1.5475605653343922
1.7073917655890647
1.7263147837331483
1.9738433345718454
1.9663059550360489
1.8601668137344345
2.1699355548218655
1.868439013483428
1.969085575611552
1.915655424452811
1.9098751649676011
1.9442790821050584
1.9895538295798059
2.1740560517162755
1.7948897946360944
1.8279893855093527
2.0599082329277865
1.7902073771785316
1.5638833795855043
1.391309694501219
1.4566339973872064
1.2925668490742868
1.7455393624812927
1.2769067488236603
1.5469791052060236
1.575996042112095
1.193620512063958
1.3237269763594608
1.3409346768942203
1.1218364830313448
0.6263218504500777
1.3501967261806647
1.2038745462269778
1.1557716222762642
0.7979976127043183
1.2561528182672907
1.3616418486734625
1.1271584285392335
1.1394573532704164
1.1929079994938179
1.16243373048797
1.492543896398876
1.1375497123397056
1.129380321658702
0.7327757195380771
1.0945288730330327
1.316094386053358
1.3328557834936903
1.7307247606997267
0.4743830961974275
1.23441243294269
1.5058181518628775
1.0945288730330327
1.1716495883326952
1.100710691214851
1.2963895157846395
1.1522230900859511
1.2945214587436413
1.1598741975299003
1.2966209667682005
1.3193953766056634
0.8813858647053371
1.2104034566405724
1.1689401209226167
1.243235927579742
1.1251410047480268
1.1018746858211776
0.6176296390447124
1.0960368217955045
1.2999078099339254
1.0287349775450196
0.45386753666298363
1.1221832869162136
0.918899276448444
1.0311181713610074
0.42263916173521393
1.217094739830095
0.8419681760639515
0.45448635275174604
0.648299374552427
0.43343422703334605
0.5127222629325305
0.5141456735088824
0.5121120920103872
0.7247699933117125
0.6704207490693651
0.41185892134737706
0.41025892134737707
0.5330120136023837
0.41025892134737707
0.41185892134737706
0.43860085595997494
0.8265191934365642
0.9631195514152988
0.4258719534351243
0.44164007164624947
0.44629480310405
0.4482899604890379
0.5257671880052679
0.5200733104542474
0.5277623453902557
0.8297732973250319
0.5326067898347002
0.44496954508383463
0.6808370330090792
0.5404092498528579
0.549897050940659
0.8228042966843746
1.00982474177487
0.44318691156591156
0.5666002363618117
1.0627071557363528
1.1677040984999325
2.6788080063456987
2.0131738072115
0.43904145702045694
0.44704145702045694
0.43476605595093815
0.6035308093862387
0.8794295827583813
0.4299576727174052
0.4211668126605258
0.4227668126605258
0.5621185113143936
0.3987292977896357
0.4583678342332275
0.5898981800338916
0.4279517035891858
0.40407136087628265
0.4469387320660448
0.46757326991764414
0.40604323507286727
0.40764323507286726
0.41025892134737707
0.41185892134737706
0.64422784904017
0.41185892134737706
0.41227161976007554
0.4134536760774214
0.41775021430468945
0.44164007164624947
0.5390244627521444
0.4498847152190823
0.5447183403031649
0.4498847152190823
0.4480897261123284
0.48261335237536945
0.44969351889678727
0.4439533096212884
0.5805648670322499
0.48261335237536945
0.44793034590934583
0.48261335237536945
0.43904145702045694
0.44704145702045694
0.49192866769068466
0.44318691156591156
0.44318691156591156
0.44318691156591156
0.5453985773138756
0.4743508557806514
0.44318691156591156
0.44704145702045694
0.7487663331290245
0.8401441947553698
0.44276605595093826
0.44276605595093826
0.44069414401431595
0.5492423778043434
0.5329359379499271
0.5253959908579564
2.174921986291707
2.2165288806165258
4.5507878572408
4.857024557190183
2.8781832864656276
1.5955476549136995
1.304457734744953
1.039505809856603
0.4400823374414564
1.0847369469713617
1.005503646681267
1.3347529574341026
3.6776276762160784
2.0702321792011222
1.1146272657953005
0.8519631548937592
0.4241502143046894
0.4749243174393611
0.5390244627521444
0.5526659972439252
0.4639277777063947
0.44977144197051944
0.8234635030760429
0.4639277777063947
1.063530574713759
0.5885125239730101
0.48261335237536945
0.4415533096212883
0.4468192347982348
0.596474596246755
0.49192866769068466
0.49192866769068466
0.4447473228616125
0.4388192347982347
0.5070354436733226
0.6922520181381081
0.4429646893436893
0.4445594440737337
0.4322253459121898
0.6640111280719592
0.45241398952827916
0.7352544839581795
2.2827534420965474
0.5167215722533052
0.3945169355639744
0.491758011175908
0.41294459043830356
0.4273477284018808
0.39951412223776955
0.38650707556741354
0.4290681415048857
0.4333197446416596
0.5409611902817971
0.41275344119143037
0.46540274110005647
0.41836383080181994
0.46094011483743025
0.39361332729948123
0.38949784237810947
0.38949784237810947
0.36809933555979996
0.38949784237810947
0.39782901357399103
0.4174342478498886
0.41792007011805926
0.4204734635361631
0.41792007011805926
0.4204734635361631
0.4271233523789516
0.4271233523789516
0.4214468817907162
0.4271233523789516
0.4190724137056098
0.4230506745751751
0.4790194129814301
0.42516824195403274
0.41617114520666687
0.422012775572897
0.41617114520666687
0.42243416713097914
0.41617114520666687
0.42506003409555576
0.41617114520666687
0.4179510851218965
0.41617114520666687
0.42243416713097914
0.42243416713097914
0.49814698997284057
0.4242141070462086
0.4304341671309791
0.5227801422547325
0.4480098984682977
0.4199387059766899
0.41335038282792735
0.41255952277104796
0.544202051464017
0.7452846042789594
0.39136876114691105
0.42747608037753504
0.42764327405342434
0.4218906424744769
0.47166836545971313
0.412395485089489
0.41787800853364926
0.4027669131131997
0.4858559817519999
0.39782901357399103
0.39782901357399103
0.5128576199053544
0.37209933555979996
0.39782901357399103
0.51046183094516
0.4174342478498886
0.40532030653130346
0.4092886522436345
0.6436591328763827
0.4713303780454217
0.4204734635361631
0.4271233523789516
0.4214468817907162
0.4230506745751751
0.4790194129814301
0.41890522002972047
0.42516824195403274
0.8102657645296817
0.42243416713097914
0.4883347282967453
0.4304341671309791
0.4883347282967453
0.4897811152431323
0.42243416713097914
0.42243416713097914
0.9129698213498014
0.5418046379199364
0.49814698997284057
1.010840663618395
1.010840663618395
0.8466827844989595
0.9977006456110401
1.2509078111703074
0.9062755969005548
1.026353707096656
1.0142188684787954
0.781326811774995
0.9296472848643067
0.803275568869924
0.7637491103177529
0.8801576673823736
0.8801576673823736
0.8032939496083273
1.5124691374749155
1.3055063815184034
0.8582041541641163
0.8058859005613445
0.6995812399598644
0.7547437577042017
0.7260851718456159
0.7282398258184501
0.8970220160240433
0.7219574880239158
0.8420335148751353
2.421110613466321
3.9660360194822526
1.8601174250405939
2.224226089917542
2.0976490484336465
1.1151865268951515
0.7703685375931326
0.7690912169836056
0.8535286901586057
0.7454660423300361
0.7060968060752539
0.7454660423300361
1.465773305303823
4.0451372712145846
4.164310979655848
19.553615499230784
59.02280044117651
65.17843333333334
25.28584952847806
34.05896884615386
48.60465467320264
49.579795
28.377440873015882
22.278826203110622
11.368220086296583
10.974766945712854
8.05201657247385
3.999705616356554
3.4845206163565536
20.80801643330311
35.165477147525664
20.106769514472468
12.724745486634111
11.946562560975607
9.889845612392714
1.9022659340113037
1.860958141803511
1.341933029325015
1.2455056704529779
1.248026663852906
1.549491784117829
1.1831717614195012
1.2760759173776466
1.1708728366883185
1.109056879597471
1.1388610618563606
1.323564803467622
1.4088025832168602
1.575618642259687
0.9118663691205491
1.0851108463336483
0.7117036647691195
1.3774034436051332
0.8304906582668149
0.8046918296146468
0.7840991035865227
1.0018896997967925
0.8489679680827575
1.0875182157238044
0.8834538312974645
3.3241532597383228
0.9103467598022378
2.7471164801489034
1.2472933939779454
2.1596524677682156
1.2594818957941063
0.8479351956686833
1.7987638456384758
0.7178580272405636
1.033339169672904
4.047369877952338
3.701910797248096
7.764492780337942
43.992740000000005
87.50165000000004
94.22549000000005
54.43367000000003
50.25030793650797
41.66234468253969
17.51276063492064
28.15277253487854
31.191303809523824
38.788063333333355
30.525477026143808
11.361037910981977
2.6769480033023068
2.621164391281109
1.6403432107365672
1.7040485181505205
1.752027799877243
1.6024819733243658
1.7614247808067587
2.279444384126102
2.139612174554317
1.5562552522180888
1.570186145821173
1.753393931247511
1.5853236746334252
1.9690362062417437
2.6851608108993155
1.5965582771697528
1.545130535937926
1.7423813596896007
1.0784390646130786
1.0784390646130786
1.5283760204384569
0.8374973294258443
0.8285942385790218
0.6002600680027649
0.8319994081406431
0.9599480687621461
0.4964805322093446
0.5859778545640296
0.574782967765005
0.8550374400324339
0.5491901106221477
0.5778486964807337
0.4464062713380423
0.5084286230074355
12.77805701120278
20.116774999999983
0.4881545687392636
0.8768355148291046
13.689987548896537
33.26902515915457
17.715304369747923
0.9402530072451433
0.3922643636149157
0.6957132738534852
2.348485508941955
0.34752129526398823
1.0132712952639886
0.42589821054910815
5.686079534622156
9.981051572190395
11.669376896114596
8.267165071800333
3.196074380593593
1.7535896255530974
1.2635251301232606
1.119542755861163
0.9649050016503199
0.7935378356361583
0.688931482209705
0.5727938113706381
0.585117701654516
0.5202021422754177
0.5442021422754176
0.8319009885108228
0.42657711560271017
0.42657711560271017
0.45302520599051094
0.4315001925257871
0.7011478687236683
0.5575843683211827
0.4971596514329268
0.4421335258591204
0.47976834708510063
0.5177348483775414
1.5337285550378106
5.418412198130126
3.4687984042707054
71.16331564468865
367.2092000000003
286.93319999999983
166.68279999999996
82.57181333333334
106.46979999999999
158.33619999999993
117.72610000000003
128.00534000000007
53.37159000000004
55.55365666666673
51.08126126984134
44.11921667133521
23.300713099906634
22.135192874086698
21.90124194287409
16.591540633748426
16.34181915508004
11.716393317847043
12.170623666106259
11.83805117764258
12.062539646379728
11.932229695542567
11.594771581439323
10.251800638822502
9.012377722860755
8.74094977701575
9.624331390701025
8.723287990310563
9.984163861742422
8.541448561912546
9.499171473787035
8.65894499709773
8.795245649750616
8.709539687847593
8.726262146915627
9.492315403964948
6.389322669692315
6.525772266761912
5.923541034213202
4.148628023760964
6.024263256435424
4.674833736430924
4.89007309091603
4.159362087933224
4.763937508623644
4.213936451649573
4.2523111486192695
4.227714481952603
4.520106183837319
4.192543887547009
4.181157180365301
4.211768571342745
3.497882044357345
4.090978941113544
2.9934450195449163
2.6450028126846665
2.6907162765361305
2.844949627321936
4.391237005209933
2.874815917436434
4.202760148945704
4.134675925971963
2.631536624461035
2.615527501572178
2.6366016344208787
2.700362830060346
2.6378719648460707
2.3449652067692672
2.5128452239926795
2.6537307436368263
2.6903579440320042
2.4380226520016306
2.6087556196128254
2.608458000565206
2.603572330840505
2.5833821074232604
2.5903683414007155
2.5833821074232604
2.5917175574486926
1.7454836784003829
2.5889759764708793
3.6568037387727843
2.5840675574486927
2.533080184201217
2.9167421322321783
1.7937704150723965
2.5540475636790383
2.587264755914885
2.8111473372774225
2.590011920597482
2.099174759556921
2.24021428937278
2.2036428608013514
1.6278528818809128
2.016509055605475
1.9814790036769971
1.469440203787093
1.4237072170831948
2.859042036353862
5.097645911739276
7.547549863227042
11.352529951400017
3.8096960635989023
3.077663831322121
1.5052171281992182
1.544918330923917
1.4861937298645802
1.5164071374472676
1.2711028689839377
1.5009105802082103
1.4561953077927916
1.3129307935356638
0.9850967538290831
1.0070444107698437
1.917772693156872
1.3040449105981262
4.6382053982455895
3.167408637682616
2.717990347090888
13.348889245713636
18.586259504609735
24.695364544292303
3.0904550000555533
5.1973173260609125
3.7366786874021147
1.4692832535561349
1.2924895948623858
1.49443251723413
1.3625750295134862
2.1354626540210124
1.126313295904934
0.8069943850748301
1.537860550451083
2.887413375999013
2.847009087641853
1.3657519636390552
1.07087636908266
1.04787636908266
1.1794774694113055
1.2487439707195118
1.1794774694113055
1.093462215485461
0.79053814948335
0.7845936431588043
0.5398525311877412
1.8046450511624854
2.7967942264246393
4.273506913824271
1.475110286598682
1.198291068673585
0.9798127829139389
1.5738632076213264
1.3983564736959744
1.480824846981397
1.5180501771710728
1.5063376665454038
1.5194413487405074
1.4675977759730134
1.4757561776890855
1.3639053589702295
1.5137478857328133
1.4645974401606656
1.5077471214768012
1.4510305894299202
1.4886489396586193
1.4282304406203963
1.5621954425409235
2.7330002522164456
1.7627564739471766
1.481617020021701
1.5159754617711514
1.444061752830452
1.518286530170548
1.4691944538130377
1.4894445807228351
1.45048454341336
1.3664246928514396
1.3483906819348201
1.5036865373263368
1.8923713237229065
1.2126454217650315
0.8284877184081633
1.2683172234016804
1.0217017253803438
0.6449695815935548
1.0289848498082836
0.7880158738852253
0.7881778165402714
0.918470753299732
0.608543830416034
0.562647962305253
0.6274117957839993
0.5435509732731767
0.6884137349792033
0.5214347146416639
0.5192252266761614
1.1315178987863006
0.546580457787407
0.5713342099176298
0.5449385617628316
0.4954468217680226
0.43044495975675323
0.46295887263292107
0.43296809870097064
0.3640754877300703
0.3857026252983842
0.26774112490868157
0.29827445824201493
0.26774112490868157