0.4
0.8
0.6
0.2
0.4
0.4
0.0
0.6
1.0
0.4
0.4
0.6
0.4
0.0
0.4
1.0
0.8
0.2
0.0
0.8
0.0
1.2
0.2
0.4
0.8
2.77
4.94
4.35
7.68
28.35
31.73
18.33
26.79
59.64
145.13
298.79
203.63
80.1000000000002
59.7100000000001
43.74
27.02
27.29
13.05
7.73
5.76
6.36
5.56
4.37
3.57
3.97
3.39
4.37
17.19
10.51
7.36
4.38
9.35
16.4
15.1
14.47
21.9
36.26
50.2200000000001
52.1200000000001
43.5500000000001
29.65
18.59
14.44
12.26
52.6900000000001
9.69
8.91
8.71
10.09
13.68
9.11
30.61
102.43
115.85
37.67
25.06
14.65
11.88
15.3
11.28
8.12
8.32
8.76
16.4
19.01
17.83
14.31
10.59
7.16
6.57
5.56
5.18
5.16
5.56
6.57
6.95
8.33
7.93
9.17
6.76
7.57
6.96
5.75
5.99
4.8
5.39
5.39
3.6
3.6
3.2
3.2
3.4
5.79
5.21
5.59
4.59
4.8
4.0
3.8
3.2
3.39
3.98
4.36
3.77
4.17
3.37
4.37
4.77
3.97
4.17
4.77
4.38
3.57
3.38
2.6
3.0
2.4
1.4
2.8
1.6
1.8
1.8
1.8
2.0
2.0
1.8
2.6
1.6
2.0
2.4
2.0
2.6
1.8
2.2
2.0
2.2
2.6
2.0
2.2
2.2
1.8
2.6
2.2
1.8
2.0
1.8
2.0
1.6
1.4
2.4
1.6
2.2
1.4
1.4
1.4
1.4
1.2
1.2
1.6
0.6
1.0
1.6
1.2
1.4
1.0
1.0
1.2
0.6
1.4
1.4
1.0
1.2
1.2
1.0
1.0
1.6
0.6
1.4
1.6
0.4
1.2
1.8
0.6
1.0
1.4
1.2
1.6
1.0
1.0
1.0
1.2
1.0
1.2
1.4
0.8
1.2
1.4
0.6
1.0
1.0
0.6
0.8
1.0
0.4
1.0
0.8
0.4
0.6
0.0
1.4
0.4
0.6
0.8
0.6
0.8
0.4
0.8
0.4
0.4
0.2
0.8
0.6
0.8
0.6
0.6
0.6
0.6
0.8
0.4
0.6
0.2
1.0
1.4
1.2
0.4
1.0
1.2
0.8
0.8
1.0
0.6
1.0
1.2
1.0
0.6
0.2
1.0
0.2
0.8
0.4
0.4
0.6
0.0
0.4
0.4
0.4
0.2
0.4
0.4
0.4
0.4
0.6
0.0
0.6
0.4
0.4
0.2
0.6
0.0
0.2
0.6
0.0
0.8
0.2
0.2
0.2
0.2
0.4
0.4
0.2
0.6
0.2
0.6
0.4
0.0
0.4
0.0
0.4
0.6
0.4
0.2
0.2
0.2
0.4
0.2
0.4
0.2
0.4
0.4
0.4
0.4
0.2
0.2
0.4
0.2
0.0
0.2
0.4
0.2
0.2
0.4
0.2
0.2
0.0
0.2
0.4
0.0
0.4
0.2
0.2
0.4
0.0
0.2
0.8
0.6
0.4
0.2
0.0
0.2
0.4
0.8
0.0
0.0
0.6
0.2
0.2
0.0
0.4
0.4
0.0
0.2
0.0
0.4
0.0
0.6
0.4
0.2
0.2
0.0
0.2
0.2
0.0
0.4
0.0
6.1
7.3
12.81
5.91
4.94
7.1
7.69
5.15
2.59
1.8
1.59
1.0
1.4
0.8
1.2
0.8
0.2
0.8
0.4
0.8
0.0
0.4
0.4
0.8
0.8
0.6
0.0
0.2
0.2
0.0
0.6
0.6
6.13
36.95
40.84
48.72
15.58
8.69
45.68
254.76
254.649999999999
213.109999999999
211.63
107.26
51.4500000000001
40.4000000000001
29.53
19.45
17.03
16.84
16.24
17.44
15.05
41.41
78.8700000000001
113.22
94.4700000000002
113.02
56.65
43.7
28.16
29.72
27.03
26.43
23.45
23.45
20.93
18.13
23.49
25.86
21.18
17.23
15.08
12.69
11.51
11.9
14.46
15.26
11.51
12.3
9.53
9.13
9.1
11.67
10.29
11.68
10.09
9.52
12.46
12.55
10.16
27.99
7.74
8.18
13.56
25.73
44.17
73.0900000000001
52.0900000000001
19.86
15.35
10.76
10.17
10.15
20.25
45.7200000000001
25.79
20.8
27.15
19.25
11.54
15.96
16.54
16.92
18.52
11.53
14.63
26.96
14.14
10.37
8.74
8.56
6.56
5.97
7.94
14.13
24.4
27.4
21.88
19.68
24.03
20.28
15.12
14.13
8.37
7.6
6.58
6.99
4.99
5.19
5.79
4.79
5.59
6.78
8.77
8.96
5.39
6.19
5.0
7.61
11.76
9.17
8.39
16.62
35.92
40.26
42.99
17.3
12.13
8.91
8.35
7.77
8.56
11.13
15.9
26.1
28.75
12.74
9.38
5.8
5.39
3.6
4.4
4.39
3.4
3.18
5.57
4.78
2.0
2.8
2.0
2.4
2.0
2.0
2.2
1.6
2.4
2.0
1.4
2.59
2.8
2.4
1.6
1.8
3.0
1.4
1.8
1.6
1.8
0.8
1.6
1.8
1.0
1.8
1.8
1.4
1.8
2.0
2.0
2.99
3.6
3.22
2.6
1.8
2.8
1.6
2.0
2.0
2.0
2.0
2.8
1.2
2.0
1.8
2.0
1.6
2.0
2.0
1.8
2.0
1.8
1.8
1.6
1.2
1.4
1.6
1.6
0.8
1.6
1.4
1.6
1.8
1.6
1.2
2.0
1.2
1.8
1.8
1.2
2.19
2.0
1.4
3.18
7.7
10.29
10.67
6.16
5.57
2.6
4.4
3.39
11.3
13.84
6.77
8.92
8.72
6.18
5.18
2.4
3.97
3.77
2.6
2.6
2.2
2.39
2.79
6.33
13.63
10.51
15.23
16.66
21.54
21.57
35.53
57.1100000000001
57.7000000000001
68.6900000000001
61.2500000000001
49.6600000000001
48.3100000000001
41.24
35.01
27.52
43.59
35.94
20.43
15.13
11.54
10.16
8.95
7.95
19.0
25.45
14.47
10.93
14.09
9.36
5.76
6.95
10.49
23.94
15.45
9.35
10.29
27.11
26.26
26.12
43.79
19.64
7.76
5.6
4.19
4.19
8.72
9.75
8.94
5.8
3.2
3.99
3.39
3.19
3.19
3.19
3.4
3.19
3.79
2.8
2.59
3.0
2.79
3.0
3.0
3.19
2.8
2.2
2.4
2.8
2.2
2.4
2.2
2.4
2.4
2.2
2.4
3.2
1.8
2.2
2.6
2.8
3.4
2.0
2.2
2.8
2.0
2.8
2.8
2.4
2.2
3.0
1.8
2.8
2.4
2.2
1.8
2.4
2.6
1.6
2.2
1.8
2.4
1.6
2.0
2.2
1.8
1.8
1.4
1.8
2.2
2.2
2.0
1.8
1.8
1.6
1.8
2.2
0.8
1.8
2.0
1.6
1.6
1.6
1.8
1.4
1.4
1.6
1.6
2.2
2.0
1.6
2.4
1.8
2.0
2.2
1.8
2.0
2.0
2.4
2.2
1.2
2.6
1.6
1.8
1.2
1.4
1.0
2.2
1.0
1.4
2.0
1.0
1.2
1.2
1.4
0.6
1.6
1.2
1.0
0.8
1.2
1.6
1.0
1.0
1.0
1.0
1.8
1.0
1.0
0.8
1.0
1.4
1.4
2.21
0.4
1.2
1.8
1.0
1.2
1.0
1.6
1.4
1.6
1.2
1.2
1.6
0.8
1.4
1.0
1.2
1.2
1.19
0.6
0.8
1.6
1.4
0.2
1.2
0.8
1.4
0.4
0.8
1.0
0.4
0.8
0.2
0.6
0.6
0.6
0.8
0.8
0.4
0.4
0.6
0.4
0.2
0.4
0.8
1.0
0.2
0.4
0.4
0.4
0.6
0.6
0.6
1.0
0.6
0.0
0.8
0.6
0.6
0.8
1.2
0.4
0.6
1.2
0.8
3.56
3.56
0.4
0.4
0.4
0.6
0.8
0.2
0.4
0.2
0.6
0.4
0.4
0.8
0.2
0.0
0.2
0.6
0.2
0.4
0.4
0.4
0.8
0.2
0.4
0.0
0.4
0.2
0.8
0.0
0.8
0.0
0.0
0.6
0.0
0.4
0.8
0.6
0.4
0.6
0.2
0.4
0.6
0.4
0.4
0.2
0.6
0.4
0.4
0.4
0.8
1.0
0.2
0.4
0.0
0.6
0.6
0.6
0.8
0.99
3.38
4.58
3.8
1.8
1.6
1.2
0.2
1.2
1.0
1.59
3.4
2.6
1.2
1.0
0.4
0.6
0.8
0.8
0.4
0.4
1.0
0.2
1.2
0.8
0.6
0.2
0.4
0.8
0.6
0.6
0.0
0.4
0.6
0.8
0.4
0.0
0.2
0.8
0.0
0.8
0.2
0.6
0.2
0.0
0.4
0.0
0.4
0.2
0.0
0.2
0.8
0.0
0.6
0.0
0.6
0.2
0.0
0.0
0.4
0.0
0.4
0.2
0.0
0.2
0.0
0.2
0.2
0.4
0.2
0.4
0.2
0.4
0.6
0.4
0.4
0.4
0.2
0.4
0.2
0.4
0.4
0.0
0.4
0.4
0.4
0.6
0.0
0.2
0.6
0.0
0.0
0.4
0.2
0.6
0.8
0.2
0.4
0.4
0.4
0.6
0.4
0.2
0.0
0.6
0.4
0.2
0.6
0.4
0.4
0.6
0.4
0.2
0.0
0.8
0.6
0.4
0.2
0.2
0.4
0.6
0.2
0.2
1.0
0.4
0.6
0.2
0.6
0.6
0.4
0.4
1.0
0.6
0.6
1.2
1.2
1.0
1.19
1.59
1.0
1.2
1.4
0.8
1.0
0.8
0.8
1.0
1.0
0.8
0.6
0.4
0.8
0.4
0.4
0.4
0.4
0.4
0.6
0.4
0.2
0.6
6.5
0.6
0.6
5.32
0.4
0.2
0.8
1.0
0.6
0.4
0.6
0.2
0.4
0.0
7.67
26.35
80.9
38.77
14.57
37.43
66.5200000000001
36.1
24.26
14.24
10.53
9.76
4.57
4.97
3.17
29.9
36.11
10.87
4.15
16.38
2.0
2.0
1.6
1.4
1.4
1.8
1.4
0.8
1.4
1.2
1.2
1.62
0.8
1.8
0.8
1.2
0.4
1.6
1.0
0.6
0.8
0.4
1.6
0.2
1.4
0.2
1.19
4.96
0.4
2.57
1.78
1.0
0.6
0.4
0.2
0.2
0.2
0.2
6.71
53.43
108.9
70.82
54.39
46.57
39.05
8.09
35.91
28.42
44.89
17.36
5.16
2.18
1.79
1.79
1.98
1.58
1.97
2.17
2.37
1.77
1.78
1.97
1.58
2.17
2.19
1.78
1.77
1.98
1.19
1.19
1.79
1.0
1.0
0.6
1.0
1.19
0.4
0.6
0.6
1.0
0.6
0.6
0.0
0.4
0.4
24.8
0.4
0.8
0.6
22.45
47.16
1.19
0.4
0.0
0.2
0.0
0.0
0.2
0.2
10.83
16.34
9.65
4.55
3.2
0.6
1.0
1.0
0.8
0.6
0.4
0.6
0.4
0.4
1.0
0.0
0.0
0.2
0.0
0.8
0.6
0.4
0.0
0.4
0.0
0.0
0.8
0.2
7.51
101.73
517.54
348.46
63.6100000000001
54.2500000000001
123.16
122.45
96.0400000000003
72.7400000000002
72.7700000000002
57.2900000000001
46.8100000000001
32.82
21.71
20.11
18.56
18.58
15.01
14.01
14.21
14.04
12.88
12.67
10.11
9.54
9.53
8.53
8.35
8.14
8.13
8.75
7.95
8.15
7.95
7.56
7.36
6.57
6.58
6.18
5.4
6.18
4.19
5.38
5.18
4.78
4.39
4.19
4.2
4.39
4.59
4.18
4.19
3.99
3.4
3.6
3.0
3.0
2.6
3.0
2.6
3.8
3.4
2.6
2.4
2.8
2.6
3.39
3.4
2.2
2.8
3.19
3.2
2.79
3.0
2.6
2.99
2.4
2.99
2.6
1.6
3.0
2.19
2.6
2.39
2.4
1.8
2.4
2.8
2.59
2.4
2.0
2.2
2.2
1.6
2.2
0.8
1.4
1.2
2.2
4.74
6.34
8.08
3.55
2.18
1.79
1.6
1.6
1.6
1.2
1.6
1.6
1.4
0.8
0.8
0.8
1.0
2.2
3.18
1.8
2.19
19.11
19.76
5.19
2.6
2.2
1.6
1.0
1.4
1.2
1.0
1.0
0.8
1.4
2.39
3.58
1.8
1.0
1.0
1.2
1.4
1.2
1.2
0.8
0.8
0.4
1.0
3.75
2.19
1.59
1.4
0.8
1.8
0.8
1.59
1.59
1.79
1.58
1.79
1.58
1.39
1.78
1.39
1.39
1.78
1.39
1.78
1.19
1.99
0.99
1.78
1.39
1.79
1.19
1.4
1.59
1.39
1.2
1.2
1.19
2.2
1.2
0.8
1.4
1.0
0.6
1.0
0.8
0.8
1.0
0.6
0.2
0.6
0.6
0.2
0.6
0.2
1.2
0.6
0.6
0.4
0.2
0.4
0.2
0.4
0.4
0.2
0.0
0.0
0.0
0.0
